5 5 25
5 5 5 5 5
252 91 296 161 155 282 119 71 100 115 57 258 102 248 194 293 147 263 129 270 268 241 81 236 194
118 252 423 412 105 291 114 426 388 93 301 429 357 195 210 303 270 156 196 192 123 166 199 156 316
255 138 174 171 89 147 72 297 263 85 249 74 185 61 59 280 94 210 225 128 165 248 229 113 108
189 336 442 277 369 276 210 328 360 393 79 441 192 93 133 322 217 445 183 268 430 190 231 192 375
85 93 63 93 133 81 145 129 119 63 117 84 56 143 73 117 42 53 48 69 66 76 27 146 87
1 2 3 4 5 6 7 8 9 10 11 12 13 14 15 16 17 18 19 20 21 22 23 24 25 26 27 28 29 30 31 32 33 34 35 36 37 38 39 40 41 42 43 44 45 46 47 48 49 50
0 3 1 0 1 2 0 0 0 4 3 0 1 4 4 3 4 1 2 4 1 3 2 3 3 4 1 3 4 4 4 2 4 0 4 1 1 2 0 3 0 3 2 1 2 3 3 2 1 2
1 51 70 114 125 129 144 161 185 204 241 252 253 266 295 305 310 322 351 423 431 447 455 463 468 492 501 545 571 589 612 617 619 669 687 699 719 794 798 809 811 817 850 916 940 946 947 964 994 997
990 1041 1927 1104 2601 2605 2620 2637 1175 2680 1479 2109 1243 2123 1285 2781 1548 2798 2827 1661 2288 1437 1445 1453 1458 1730 2358 1535 1561 1579 2469 3093 1857 1907 2544 1689 2576 3270 2655 1799 3287 1807 3326 3392 2178 2803 1937 2821 2851 3473
