5 5 25
5 5 5 5 5
252 91 296 161 155 282 119 71 100 115 57 258 102 248 194 293 147 263 129 270 268 241 81 236 194
118 252 423 412 105 291 114 426 388 93 301 429 357 195 210 303 270 156 196 192 123 166 199 156 316
255 138 174 171 89 147 72 297 263 85 249 74 185 61 59 280 94 210 225 128 165 248 229 113 108
189 336 442 277 369 276 210 328 360 393 79 441 192 93 133 322 217 445 183 268 430 190 231 192 375
85 93 63 93 133 81 145 129 119 63 117 84 56 143 73 117 42 53 48 69 66 76 27 146 87
1 2 3 4 5 6 7 8 9 10 11 12 13 14 15 16 17 18 19 20 21 22 23 24 25 26 27 28 29 30 31 32 33 34 35 36 37 38 39 40 41 42 43 44 45 46 47 48 49 50 51 52 53 54 55 56 57 58 59 60 61 62 63 64 65 66 67 68 69 70 71 72 73 74 75 76 77 78 79 80 81 82 83 84 85 86 87 88 89 90 91 92 93 94 95 96 97 98 99 100
4 2 2 0 0 0 0 4 2 0 2 0 0 3 0 1 0 3 2 2 0 3 4 0 0 0 4 1 1 1 0 4 0 0 2 4 3 3 3 2 2 1 3 3 3 0 1 3 4 2 1 3 0 1 2 2 0 2 2 3 4 4 4 1 3 4 4 3 2 3 2 3 0 2 0 2 2 4 1 1 0 0 2 4 2 2 2 3 2 1 3 2 3 2 2 4 2 2 4 2
1 37 88 89 101 120 126 141 147 159 170 175 212 213 217 229 255 276 281 296 320 340 366 374 402 409 410 431 460 488 534 581 583 600 604 616 674 703 727 756 762 779 815 821 824 835 837 842 860 866 920 949 959 961 1040 1058 1065 1086 1116 1128 1129 1130 1144 1145 1210 1215 1229 1245 1280 1283 1299 1343 1345 1364 1386 1396 1421 1423 1430 1521 1529 1534 1594 1639 1658 1669 1676 1681 1683 1715 1726 1743 1831 1883 1931 1942 1949 2017 2041 2059
990 1275 1945 2565 1091 2596 1364 1379 2623 2635 1408 1165 1202 1203 1455 1467 2731 2752 1519 1534 2796 1330 1604 1364 2259 2266 1400 1669 2317 1726 1524 1819 2440 1838 2461 1606 1664 3179 3203 2613 1752 2636 1805 2678 2062 2692 2694 2080 2098 3342 1910 2187 2197 3437 2278 2915 2922 3562 2354 3604 2119 2368 2134 3002 2200 3072 2467 2235 2270 2521 3775 3200 2583 2602 2624 2386 2659 2661 3906 2511 2519 2524 2832 4115 2648 3526 4152 2671 2673 2953 4202 2981 4307 3121 2921 3799 3187 4493 3898 3297
