5 5 25
5 5 5 5 5
251 221 70 116 81 173 264 84 169 225 209 217 184 133 261 197 276 252 295 88 260 257 87 279 163
129 113 87 63 146 42 30 124 79 67 128 119 29 144 135 59 72 149 84 94 33 105 80 62 47
90 265 304 370 447 379 166 273 136 256 136 357 109 357 436 220 345 309 327 288 135 243 334 99 264
149 274 195 108 200 199 292 187 127 140 270 195 50 91 99 120 140 67 278 158 290 81 201 116 87
96 115 146 149 37 112 88 32 137 54 106 80 137 35 78 49 85 87 123 139 87 63 81 71 144
1 2 3 4 5 6 7 8 9 10 11 12 13 14 15 16 17 18 19 20 21 22 23 24 25 26 27 28 29 30 31 32 33 34 35 36 37 38 39 40 41 42 43 44 45 46 47 48 49 50
3 4 2 3 1 0 3 1 4 3 2 3 0 4 0 3 2 1 2 3 2 4 4 1 1 3 0 2 0 4 2 0 3 4 3 1 3 3 1 3 4 3 4 3 2 1 2 1 2 0
1 15 24 89 95 102 140 158 166 258 265 311 343 349 370 372 377 384 385 413 444 449 450 474 482 495 543 546 548 560 562 576 580 604 621 631 651 675 677 720 759 771 862 871 888 909 931 940 962 980
769 977 793 1532 864 1064 2064 1601 1609 1220 2189 1080 1112 1311 2294 1334 2301 1153 1347 2337 1213 1892 1219 2398 1251 1264 1986 2470 1317 1329 2486 2019 2023 2047 2545 2074 1613 1637 1639 1489 2683 2695 1631 1833 1850 2833 1700 2383 1731 1942
