5 5 25
5 5 5 5 5
251 221 70 116 81 173 264 84 169 225 209 217 184 133 261 197 276 252 295 88 260 257 87 279 163
129 113 87 63 146 42 30 124 79 67 128 119 29 144 135 59 72 149 84 94 33 105 80 62 47
90 265 304 370 447 379 166 273 136 256 136 357 109 357 436 220 345 309 327 288 135 243 334 99 264
149 274 195 108 200 199 292 187 127 140 270 195 50 91 99 120 140 67 278 158 290 81 201 116 87
96 115 146 149 37 112 88 32 137 54 106 80 137 35 78 49 85 87 123 139 87 63 81 71 144
1 2 3 4 5 6 7 8 9 10 11 12 13 14 15 16 17 18 19 20 21 22 23 24 25 26 27 28 29 30 31 32 33 34 35 36 37 38 39 40 41 42 43 44 45 46 47 48 49 50 51 52 53 54 55 56 57 58 59 60 61 62 63 64 65 66 67 68 69 70 71 72 73 74 75 76 77 78 79 80 81 82 83 84 85 86 87 88 89 90 91 92 93 94 95 96 97 98 99 100
4 2 3 4 0 4 4 2 3 2 4 4 0 2 1 3 3 0 0 2 2 0 4 3 1 4 3 4 0 3 2 1 2 4 3 0 0 1 3 1 4 2 1 4 3 1 2 2 2 1 3 3 2 4 2 1 3 3 1 4 1 2 2 0 4 0 0 1 4 3 4 4 2 4 2 2 3 2 4 1 4 0 4 0 1 4 4 3 1 1 1 1 2 1 0 4 4 2 0 2
1 11 29 34 82 86 96 117 134 152 157 164 236 273 274 280 281 303 318 319 323 354 372 396 398 418 419 437 449 450 451 454 465 470 471 472 473 511 518 538 578 609 702 732 736 816 818 843 868 869 928 937 960 991 997 1006 1024 1081 1124 1201 1210 1218 1219 1230 1271 1312 1326 1331 1387 1389 1433 1449 1485 1500 1501 1507 1542 1553 1558 1560 1561 1602 1609 1615 1637 1653 1711 1740 1750 1755 1767 1771 1780 1803 1855 1866 1904 1942 1948 1952
962 1454 1472 1958 2006 1529 865 1079 903 1595 1600 933 1005 1235 1236 1242 1724 1072 1280 1281 1092 1316 1815 1839 2322 1861 1381 1880 2373 2374 1220 1223 1908 1913 1433 1915 1435 1280 2442 2462 2502 2533 1664 1694 2179 2259 1780 2286 1830 1638 1697 1706 2403 1760 1959 1775 2948 1850 3048 2163 1979 1987 2181 3154 2714 2755 2288 3255 2830 2351 3357 2218 2928 2462 2463 2950 3466 3477 2520 2522 3485 3526 3052 3539 2406 3096 3635 3664 2519 2524 2536 3695 3223 2765 2817 2828 3828 3385 2910 3876
