5 5 25
5 5 5 5 5
251 221 70 116 81 173 264 84 169 225 209 217 184 133 261 197 276 252 295 88 260 257 87 279 163
129 113 87 63 146 42 30 124 79 67 128 119 29 144 135 59 72 149 84 94 33 105 80 62 47
90 265 304 370 447 379 166 273 136 256 136 357 109 357 436 220 345 309 327 288 135 243 334 99 264
149 274 195 108 200 199 292 187 127 140 270 195 50 91 99 120 140 67 278 158 290 81 201 116 87
96 115 146 149 37 112 88 32 137 54 106 80 137 35 78 49 85 87 123 139 87 63 81 71 144
1 2 3 4 5 6 7 8 9 10 11 12 13 14 15 16 17 18 19 20 21 22 23 24 25 26 27 28 29 30 31 32 33 34 35 36 37 38 39 40 41 42 43 44 45 46 47 48 49 50 51 52 53 54 55 56 57 58 59 60 61 62 63 64 65 66 67 68 69 70 71 72 73 74 75 76 77 78 79 80 81 82 83 84 85 86 87 88 89 90 91 92 93 94 95 96 97 98 99 100 101 102 103 104 105 106 107 108 109 110 111 112 113 114 115 116 117 118 119 120 121 122 123 124 125 126 127 128 129 130 131 132 133 134 135 136 137 138 139 140 141 142 143 144 145 146 147 148 149 150
2 2 3 2 1 3 2 0 3 0 1 0 3 1 1 4 2 4 2 1 2 2 4 1 1 0 0 2 3 4 1 0 0 4 1 4 0 4 4 1 4 3 1 0 0 3 0 2 1 4 3 0 4 0 2 4 4 2 1 2 0 2 2 4 3 2 3 3 2 1 0 4 4 4 1 4 2 2 3 3 2 3 4 1 3 3 2 3 1 2 2 0 4 0 4 1 4 1 1 3 0 4 0 2 3 2 4 0 1 3 2 3 1 1 1 3 4 1 3 0 3 0 3 1 2 0 4 1 0 3 2 1 2 4 4 1 2 0 0 3 1 4 2 0 3 3 0 2 1 1
1 4 46 56 67 72 87 97 103 111 123 164 180 199 224 226 227 237 266 276 308 321 326 334 345 346 355 357 403 404 430 432 433 439 447 467 470 478 529 561 573 574 631 638 650 670 675 697 708 709 721 739 773 903 909 932 976 978 1001 1021 1033 1105 1110 1155 1190 1191 1212 1266 1311 1340 1363 1369 1442 1451 1465 1468 1486 1566 1583 1600 1604 1618 1651 1700 1738 1743 1782 1798 1806 1810 1823 1828 1829 1850 1856 1881 1890 1891 1901 1937 2001 2018 2023 2074 2082 2089 2093 2096 2097 2115 2117 2122 2129 2133 2155 2157 2173 2259 2268 2290 2341 2380 2381 2463 2554 2556 2558 2620 2640 2694 2712 2720 2740 2742 2767 2777 2779 2802 2821 2850 2853 2876 2887 2951 2975 2986 2988 2990 3015 3018
1924 773 1970 1018 1510 1996 1530 1059 1065 1073 1566 933 1623 1161 1186 2150 1670 1680 2190 2200 2232 2245 2250 1777 1307 2270 2279 2281 1172 1847 1199 1201 1202 2363 1409 1910 1913 1440 1298 2485 2016 1536 2555 1600 2093 2113 2118 1466 1670 1478 1490 1508 2697 2827 2833 2856 1745 1940 1963 2464 1802 3029 2072 3079 2152 1960 2655 3190 2754 2109 2132 2138 2404 3375 2427 2911 2929 3490 2352 2562 3047 2387 3094 3143 2700 3667 2551 3241 2768 3253 2785 2790 3272 2619 3780 3805 3814 3334 3344 2899 3925 3942 3947 3036 4006 3051 3536 3058 3059 4039 3079 2891 3091 4057 3117 2926 3616 3028 3037 3733 3110 3149 3150 3906 4478 3999 4001 4544 3409 4618 4155 3682 4183 3511 3536 4220 3548 4726 4745 3619 4296 4800 4330 4394 4899 3948 3950 4914 3977 4942
