5 5 25
5 5 5 5 5
252 91 296 161 155 282 119 71 100 115 57 258 102 248 194 293 147 263 129 270 268 241 81 236 194
118 252 423 412 105 291 114 426 388 93 301 429 357 195 210 303 270 156 196 192 123 166 199 156 316
255 138 174 171 89 147 72 297 263 85 249 74 185 61 59 280 94 210 225 128 165 248 229 113 108
189 336 442 277 369 276 210 328 360 393 79 441 192 93 133 322 217 445 183 268 430 190 231 192 375
85 93 63 93 133 81 145 129 119 63 117 84 56 143 73 117 42 53 48 69 66 76 27 146 87
1 2 3 4 5 6 7 8 9 10 11 12 13 14 15 16 17 18 19 20 21 22 23 24 25 26 27 28 29 30 31 32 33 34 35 36 37 38 39 40 41 42 43 44 45 46 47 48 49 50 51 52 53 54 55 56 57 58 59 60 61 62 63 64 65 66 67 68 69 70 71 72 73 74 75 76 77 78 79 80 81 82 83 84 85 86 87 88 89 90 91 92 93 94 95 96 97 98 99 100 101 102 103 104 105 106 107 108 109 110 111 112 113 114 115 116 117 118 119 120 121 122 123 124 125 126 127 128 129 130 131 132 133 134 135 136 137 138 139 140 141 142 143 144 145 146 147 148 149 150
4 0 1 4 3 4 2 4 3 4 4 1 0 4 0 0 4 2 4 3 0 1 2 0 4 2 2 4 4 3 3 3 0 3 1 1 1 2 0 4 2 4 3 4 0 0 2 4 4 4 2 0 4 1 0 4 3 3 3 0 2 3 3 4 3 0 0 1 3 2 1 4 3 2 4 4 1 1 4 3 0 0 4 1 2 4 2 0 0 0 3 2 2 2 3 1 1 2 0 0 2 0 2 1 4 0 3 0 4 4 0 1 0 1 4 0 0 1 3 2 4 3 1 1 4 2 0 3 1 3 2 2 4 4 0 1 3 2 0 4 4 2 4 3 4 1 2 1 0 3
1 50 109 128 167 203 246 250 255 259 296 349 375 377 405 428 436 438 481 504 520 534 560 564 567 579 580 611 617 630 635 646 648 672 684 690 704 707 719 739 773 824 825 839 849 863 875 947 974 976 986 1011 1049 1070 1084 1103 1106 1118 1123 1146 1174 1197 1222 1225 1241 1299 1364 1429 1441 1442 1444 1449 1469 1482 1528 1547 1554 1592 1598 1665 1718 1768 1800 1801 1831 1838 1873 1878 1893 1908 1913 1921 1922 1946 1998 2019 2020 2038 2099 2109 2128 2141 2147 2184 2197 2203 2208 2217 2227 2247 2252 2274 2301 2318 2319 2352 2379 2382 2397 2402 2430 2433 2439 2488 2510 2535 2557 2579 2584 2596 2601 2602 2641 2642 2702 2707 2734 2738 2758 2769 2780 2891 2922 2930 2986 3012 3024 3051 3128 3145
2476 1907 1966 2604 2024 1441 2722 1488 2112 1497 1286 1587 1365 1367 1643 1666 1426 1676 1719 2361 2996 2391 1550 1802 1805 1569 1570 1849 3093 2487 1625 1884 1886 3148 1922 1928 2561 1697 1957 3215 2011 2681 2063 3315 1839 2720 2113 1937 2212 3452 2843 3487 3525 2308 3560 2960 2344 2975 2113 3003 2164 3054 2212 3082 3717 3156 3221 3905 3917 2680 3920 2687 3945 3958 2766 2785 4030 4068 2836 4141 2956 4244 3657 4277 2821 2828 2863 3735 2883 2898 3770 2911 4398 2936 4474 3257 3258 3276 3956 3347 3985 3379 4623 4041 4054 4060 4684 4693 3217 3485 3490 4131 4158 4175 4176 4828 4855 4858 4254 3640 4287 4290 3429 4964 3500 3773 4414 3817 5060 3834 3591 3592 3631 3880 3940 3945 3724 5214 4615 4626 3770 3881 4779 5406 3976 5488 4881 4908 4366 5002
