5 5 25
5 5 5 5 5
152 191 295 212 290 212 66 92 161 93 52 123 206 74 113 129 145 144 79 122 52 288 91 271 57
379 357 184 357 304 252 190 165 360 357 187 289 415 270 135 400 166 435 430 147 450 151 127 361 301
219 244 172 423 361 264 292 295 103 213 97 114 321 106 403 312 100 280 291 381 94 337 154 249 174
239 185 232 263 267 61 254 58 128 290 237 300 282 238 217 135 55 129 53 185 206 67 170 195 117
27 75 53 107 37 107 88 48 106 140 96 76 55 143 27 139 32 33 113 73 59 52 127 126 26
1 2 3 4 5 6 7 8 9 10 11 12 13 14 15 16 17 18 19 20 21 22 23 24 25 26 27 28 29 30 31 32 33 34 35 36 37 38 39 40 41 42 43 44 45 46 47 48 49 50
3 3 2 4 1 1 0 1 3 3 2 2 3 4 0 2 4 4 4 4 3 0 3 3 4 3 1 0 1 1 1 1 4 4 3 3 3 0 1 1 2 4 2 2 0 3 0 2 1 3
1 19 57 71 86 134 149 159 167 170 174 178 192 204 207 286 288 343 366 407 481 484 510 515 524 572 601 606 610 623 636 637 638 652 660 679 685 703 704 723 830 831 853 874 879 904 941 943 955 1007
314 608 843 464 400 527 463 473 756 484 960 492 506 793 993 875 877 657 759 996 795 1270 1296 1301 1113 886 1190 1195 1199 1016 950 1226 1424 1241 974 993 999 1096 1097 1312 1419 1617 1639 1188 1468 1493 1334 1257 1348 1596
