5 5 25
5 5 5 5 5
152 191 295 212 290 212 66 92 161 93 52 123 206 74 113 129 145 144 79 122 52 288 91 271 57
379 357 184 357 304 252 190 165 360 357 187 289 415 270 135 400 166 435 430 147 450 151 127 361 301
219 244 172 423 361 264 292 295 103 213 97 114 321 106 403 312 100 280 291 381 94 337 154 249 174
239 185 232 263 267 61 254 58 128 290 237 300 282 238 217 135 55 129 53 185 206 67 170 195 117
27 75 53 107 37 107 88 48 106 140 96 76 55 143 27 139 32 33 113 73 59 52 127 126 26
1 2 3 4 5 6 7 8 9 10 11 12 13 14 15 16 17 18 19 20 21 22 23 24 25 26 27 28 29 30 31 32 33 34 35 36 37 38 39 40 41 42 43 44 45 46 47 48 49 50 51 52 53 54 55 56 57 58 59 60 61 62 63 64 65 66 67 68 69 70 71 72 73 74 75 76 77 78 79 80 81 82 83 84 85 86 87 88 89 90 91 92 93 94 95 96 97 98 99 100
1 4 4 4 2 3 4 2 0 4 0 4 2 2 3 0 3 0 1 0 4 2 1 0 4 0 0 2 0 1 0 4 2 2 3 0 1 4 3 4 0 3 3 0 2 4 1 0 3 0 1 2 0 0 2 4 1 0 0 0 4 1 2 1 3 2 0 0 2 0 0 0 3 4 4 3 2 2 2 2 2 2 1 3 2 2 3 0 4 0 3 2 2 4 3 2 2 2 4 4
1 25 32 107 122 159 162 185 240 269 279 291 295 299 308 340 394 461 490 546 568 569 575 576 601 635 680 697 701 725 795 813 816 817 821 834 847 866 881 892 894 929 941 964 979 986 1021 1025 1048 1049 1063 1068 1069 1072 1098 1116 1119 1134 1163 1188 1236 1237 1257 1269 1286 1294 1307 1336 1368 1387 1410 1422 1448 1461 1473 1474 1475 1493 1559 1579 1591 1612 1626 1659 1686 1704 1740 1748 1749 1752 1753 1767 1775 1799 1854 1863 1864 1879 1912 1925
393 339 818 421 908 945 948 971 633 583 1065 1077 1081 1085 1094 654 708 1247 1276 1135 1157 883 1361 1165 915 1224 1466 1483 1290 1118 1581 1402 1602 1603 1214 1620 1436 1259 1470 1481 1483 1518 1530 1278 1293 1772 1335 1418 1441 1638 1377 1461 1462 1386 1687 1430 1512 1448 1949 1777 1550 1630 1846 1662 1679 1687 1700 1729 1682 1976 1999 1815 1841 1775 1866 2063 2261 1886 2345 1972 2180 2398 1940 2248 2472 2490 2526 2062 2142 2145 2342 2553 2089 2113 2443 2649 2178 2665 2501 2318
