5 5 25
5 5 5 5 5
152 191 295 212 290 212 66 92 161 93 52 123 206 74 113 129 145 144 79 122 52 288 91 271 57
379 357 184 357 304 252 190 165 360 357 187 289 415 270 135 400 166 435 430 147 450 151 127 361 301
219 244 172 423 361 264 292 295 103 213 97 114 321 106 403 312 100 280 291 381 94 337 154 249 174
239 185 232 263 267 61 254 58 128 290 237 300 282 238 217 135 55 129 53 185 206 67 170 195 117
27 75 53 107 37 107 88 48 106 140 96 76 55 143 27 139 32 33 113 73 59 52 127 126 26
1 2 3 4 5 6 7 8 9 10 11 12 13 14 15 16 17 18 19 20 21 22 23 24 25 26 27 28 29 30 31 32 33 34 35 36 37 38 39 40 41 42 43 44 45 46 47 48 49 50 51 52 53 54 55 56 57 58 59 60 61 62 63 64 65 66 67 68 69 70 71 72 73 74 75 76 77 78 79 80 81 82 83 84 85 86 87 88 89 90 91 92 93 94 95 96 97 98 99 100 101 102 103 104 105 106 107 108 109 110 111 112 113 114 115 116 117 118 119 120 121 122 123 124 125 126 127 128 129 130 131 132 133 134 135 136 137 138 139 140 141 142 143 144 145 146 147 148 149 150
2 1 0 0 3 0 1 1 1 1 0 1 1 1 0 2 4 4 4 0 0 2 4 0 0 4 1 2 3 1 2 2 2 0 2 3 3 4 2 1 4 1 1 3 1 2 3 3 1 0 2 1 0 4 0 2 4 1 0 4 0 3 0 1 1 0 3 2 4 2 4 0 1 3 4 1 2 0 1 3 2 2 4 1 3 3 3 2 4 3 1 0 1 0 4 4 1 0 3 4 0 1 2 3 3 0 0 1 4 4 3 4 2 4 4 4 0 2 4 0 4 4 0 3 0 0 0 2 0 2 4 4 3 0 3 0 2 1 0 3 2 1 0 4 2 0 0 4 1 4
1 16 24 49 81 84 115 118 127 147 157 199 211 212 215 221 262 301 326 373 398 407 428 432 433 458 460 473 510 543 546 562 578 606 646 696 720 754 758 763 795 799 810 812 819 830 852 884 901 905 907 941 956 983 989 1003 1025 1041 1053 1109 1162 1214 1252 1261 1305 1338 1348 1353 1432 1464 1475 1516 1537 1570 1588 1678 1684 1719 1723 1724 1739 1757 1772 1792 1809 1810 1813 1815 1838 1842 1853 1892 1941 1956 1967 1972 1997 2013 2032 2058 2089 2102 2129 2133 2135 2151 2200 2213 2238 2244 2245 2256 2263 2304 2380 2410 2425 2456 2512 2514 2524 2527 2540 2561 2614 2620 2646 2680 2715 2741 2775 2784 2820 2826 2857 2858 2874 2918 2923 2929 2966 2972 2977 2982 2992 2997 3002 3037 3150 3169
589 605 417 442 395 398 901 511 716 540 550 592 525 605 1001 614 1048 1087 915 687 791 996 1017 1218 826 1244 1246 1062 824 936 939 955 892 1392 1432 1089 1034 1068 1072 1549 1188 1113 1203 1598 1133 1616 1245 1473 1294 1494 1300 1255 1742 1376 1775 1317 1614 1434 1446 1423 1476 2000 2038 1654 1894 2124 2134 1746 2218 1857 2064 2105 2126 2356 1902 2267 1998 2112 2509 2038 2132 2071 2558 2578 2595 2124 2599 2129 2152 2628 2442 2481 2727 2742 2281 2286 2783 2799 2346 2844 2482 2416 2915 2722 2449 2740 2514 2606 3024 3030 3031 2570 2852 3090 2773 2999 2818 2849 3298 2828 2917 3313 3326 2954 3203 3406 3039 3073 3304 3134 3089 3373 3409 3415 3171 3644 3267 3311 3316 3715 3752 3758 3763 3296 3581 3311 3591 3351 3936 3562
