5 5 25
5 5 5 5 5
85 286 175 189 433 288 100 139 103 100 198 160 381 75 100 102 154 88 120 243 231 199 292 252 265
67 53 138 230 111 77 275 183 140 298 118 266 282 129 233 245 87 68 165 226 149 110 161 280 135
103 137 166 194 243 157 224 218 63 168 56 278 57 193 207 252 103 56 77 100 73 257 256 285 167
68 109 148 127 91 46 146 66 145 34 39 49 49 58 130 26 25 71 148 119 120 69 148 85 39
216 144 237 231 173 92 253 135 161 282 239 203 209 179 123 182 134 127 189 51 293 192 166 92 230
1 2 3 4 5 6 7 8 9 10 11 12 13 14 15 16 17 18 19 20 21 22 23 24 25 26 27 28 29 30 31 32 33 34 35 36 37 38 39 40 41 42 43 44 45 46 47 48 49 50 51 52 53 54 55 56 57 58 59 60 61 62 63 64 65 66 67 68 69 70 71 72 73 74 75 76 77 78 79 80 81 82 83 84 85 86 87 88 89 90 91 92 93 94 95 96 97 98 99 100
0 2 2 4 0 1 2 0 1 4 1 2 0 0 4 0 4 4 0 3 4 0 1 1 2 1 1 2 1 4 2 0 4 4 1 1 2 0 1 2 4 4 0 0 4 3 0 2 1 0 2 1 3 2 2 2 4 2 1 0 2 1 4 4 2 2 0 4 4 0 2 1 2 4 2 1 3 3 1 2 4 3 3 1 4 2 2 0 3 4 0 0 2 4 4 4 3 0 3 4
1 43 70 111 124 136 137 147 158 167 183 184 191 194 205 210 214 217 222 224 270 271 283 293 305 346 369 383 401 418 426 466 470 518 552 558 573 580 581 589 590 651 655 679 707 739 745 765 813 814 845 846 879 943 952 984 987 998 1006 1010 1013 1016 1024 1049 1051 1052 1068 1070 1100 1113 1181 1201 1226 1240 1251 1293 1304 1305 1319 1324 1348 1353 1364 1381 1424 1435 1477 1479 1509 1521 1540 1595 1643 1644 1646 1663 1674 1696 1731 1749
431 474 501 973 468 480 481 1009 589 511 614 528 535 1056 549 856 1076 648 653 655 916 702 1145 1155 1167 690 1015 1245 1263 1280 857 1112 1116 1164 983 1420 917 1442 1443 1451 1236 1513 1086 1325 1353 1601 1176 1627 1244 1460 1491 1492 1310 1589 1598 1415 1331 1429 1652 1656 1659 1662 1670 1695 1395 1698 1499 1414 1962 1457 1525 2063 1872 1886 1595 1724 1950 1736 1663 2186 1692 1697 1708 2027 1855 2081 2123 1823 2371 1952 2402 2241 2505 2075 1990 2007 2320 2040 2075 2611
