5 5 25
5 5 5 5 5
85 286 175 189 433 288 100 139 103 100 198 160 381 75 100 102 154 88 120 243 231 199 292 252 265
67 53 138 230 111 77 275 183 140 298 118 266 282 129 233 245 87 68 165 226 149 110 161 280 135
103 137 166 194 243 157 224 218 63 168 56 278 57 193 207 252 103 56 77 100 73 257 256 285 167
68 109 148 127 91 46 146 66 145 34 39 49 49 58 130 26 25 71 148 119 120 69 148 85 39
216 144 237 231 173 92 253 135 161 282 239 203 209 179 123 182 134 127 189 51 293 192 166 92 230
1 2 3 4 5 6 7 8 9 10 11 12 13 14 15 16 17 18 19 20 21 22 23 24 25 26 27 28 29 30 31 32 33 34 35 36 37 38 39 40 41 42 43 44 45 46 47 48 49 50
1 3 0 1 4 1 2 1 0 2 1 2 4 3 2 0 1 3 2 0 3 2 3 3 2 0 1 1 2 2 2 2 4 4 0 3 4 3 3 1 4 2 0 1 3 0 3 1 0 3
1 25 31 96 148 160 174 182 275 276 295 319 334 349 368 421 432 444 457 477 505 546 566 596 597 615 620 626 633 655 661 662 708 721 751 756 905 909 940 941 966 970 976 988 1026 1032 1036 1042 1047 1077
862 671 893 527 579 806 605 828 706 1138 726 965 980 995 1014 1283 863 1090 1319 1123 936 977 910 1458 1028 1477 1266 970 1279 999 1523 1524 1354 1065 1613 1100 1336 1555 1371 1372 1397 1401 1407 1419 1888 1463 1380 1688 1909 1421
