5 5 25
5 5 5 5 5
85 286 175 189 433 288 100 139 103 100 198 160 381 75 100 102 154 88 120 243 231 199 292 252 265
67 53 138 230 111 77 275 183 140 298 118 266 282 129 233 245 87 68 165 226 149 110 161 280 135
103 137 166 194 243 157 224 218 63 168 56 278 57 193 207 252 103 56 77 100 73 257 256 285 167
68 109 148 127 91 46 146 66 145 34 39 49 49 58 130 26 25 71 148 119 120 69 148 85 39
216 144 237 231 173 92 253 135 161 282 239 203 209 179 123 182 134 127 189 51 293 192 166 92 230
1 2 3 4 5 6 7 8 9 10 11 12 13 14 15 16 17 18 19 20 21 22 23 24 25 26 27 28 29 30 31 32 33 34 35 36 37 38 39 40 41 42 43 44 45 46 47 48 49 50 51 52 53 54 55 56 57 58 59 60 61 62 63 64 65 66 67 68 69 70 71 72 73 74 75 76 77 78 79 80 81 82 83 84 85 86 87 88 89 90 91 92 93 94 95 96 97 98 99 100 101 102 103 104 105 106 107 108 109 110 111 112 113 114 115 116 117 118 119 120 121 122 123 124 125 126 127 128 129 130 131 132 133 134 135 136 137 138 139 140 141 142 143 144 145 146 147 148 149 150
2 3 3 1 1 1 0 0 3 4 2 3 0 2 2 1 4 3 3 4 0 4 0 0 2 3 4 3 1 3 3 3 4 1 4 1 3 4 2 4 0 4 4 4 4 0 0 3 3 3 4 4 3 1 2 2 1 0 1 2 4 4 3 1 4 1 2 1 4 3 3 0 1 3 2 2 2 1 3 4 2 0 1 0 0 3 3 2 2 2 1 3 3 1 3 0 2 4 2 0 3 2 4 0 3 0 3 4 0 2 3 2 4 2 2 0 0 0 3 0 0 0 1 4 4 3 3 4 4 4 4 3 4 1 1 4 0 0 1 2 3 2 2 3 0 0 0 2 4 2
1 18 19 27 94 137 161 170 179 231 250 256 274 314 369 375 396 426 434 441 442 443 464 479 510 515 546 548 581 629 656 657 659 664 670 714 715 719 727 742 751 774 824 844 849 854 859 867 896 938 948 978 987 1003 1017 1056 1081 1087 1106 1119 1121 1135 1136 1146 1164 1171 1231 1247 1258 1271 1283 1285 1308 1317 1355 1457 1476 1478 1480 1502 1512 1553 1557 1568 1581 1586 1587 1618 1685 1687 1688 1689 1717 1722 1732 1736 1739 1771 1773 1784 1786 1796 1820 1854 1947 1957 1958 1965 1972 2017 2033 2034 2068 2079 2085 2125 2127 2185 2192 2210 2216 2257 2297 2309 2320 2340 2361 2362 2373 2387 2399 2417 2429 2489 2512 2517 2545 2583 2612 2613 2619 2715 2723 2775 2793 2823 2824 2841 2873 2890
431 449 363 458 740 999 505 816 1041 877 1112 687 705 1176 1231 806 1042 857 1296 1087 1304 787 1326 910 1372 859 977 1410 925 1060 1087 1519 1090 1008 1101 1145 1059 1581 1589 1604 1613 1636 1470 1490 1711 1285 1505 1211 1758 1282 1292 1840 1633 1649 1448 1487 1943 1949 1752 1981 1465 1566 1480 1490 1595 2033 1877 2109 1689 1917 1929 2147 1954 1748 2001 1888 1820 2340 2342 2148 1856 1897 2203 1999 2443 2448 2018 2049 2029 2333 2550 2335 2061 2368 2594 2598 2083 2202 2117 2215 2217 2140 2251 2500 2593 2819 2302 2611 2316 2879 2464 2896 2499 2510 2731 2556 2558 3047 2536 2641 2862 2688 2641 2740 2966 2771 2792 3224 2717 3249 2830 2848 2773 3135 2856 3379 2976 3014 3474 2957 3050 3146 3067 3119 3137 3254 3470 3185 3304 3752
