5 5 25
5 5 5 5 5
378 196 348 369 318 361 148 211 337 174 187 220 310 237 397 387 235 198 81 231 277 99 358 277 253
95 69 98 57 50 75 149 139 76 100 141 49 102 135 143 119 141 141 112 107 91 114 85 112 139
120 65 160 111 193 81 80 83 258 199 147 55 145 139 184 136 253 122 145 118 283 60 89 76 62
55 215 234 129 188 279 103 221 95 242 165 131 183 231 191 146 75 287 199 213 65 162 277 298 265
388 370 442 351 165 240 165 220 330 106 352 238 420 426 448 445 376 223 271 342 157 354 183 414 366
1 2 3 4 5 6 7 8 9 10 11 12 13 14 15 16 17 18 19 20 21 22 23 24 25 26 27 28 29 30 31 32 33 34 35 36 37 38 39 40 41 42 43 44 45 46 47 48 49 50 51 52 53 54 55 56 57 58 59 60 61 62 63 64 65 66 67 68 69 70 71 72 73 74 75 76 77 78 79 80 81 82 83 84 85 86 87 88 89 90 91 92 93 94 95 96 97 98 99 100 101 102 103 104 105 106 107 108 109 110 111 112 113 114 115 116 117 118 119 120 121 122 123 124 125 126 127 128 129 130 131 132 133 134 135 136 137 138 139 140 141 142 143 144 145 146 147 148 149 150
2 1 3 1 3 4 0 3 3 4 3 3 1 0 4 3 2 0 0 1 1 4 4 1 1 1 0 0 4 1 0 4 4 2 1 2 2 1 3 2 3 4 2 3 4 2 2 3 0 3 1 0 4 0 1 3 4 1 2 1 1 0 4 4 0 4 2 1 0 3 0 4 1 0 1 0 2 0 0 4 4 0 0 1 2 1 0 1 4 0 4 2 1 1 1 2 1 4 2 0 2 0 1 1 2 2 2 0 4 0 2 4 4 0 2 4 2 0 0 4 0 2 3 0 4 3 3 4 4 0 1 1 1 1 4 2 2 3 4 2 4 0 2 3 4 1 2 2 4 4
1 35 65 78 138 167 187 196 237 251 252 259 350 366 367 372 381 388 415 454 494 509 520 523 590 598 627 675 682 683 718 722 728 730 739 773 792 808 820 822 850 906 955 968 972 994 1003 1030 1056 1094 1142 1170 1182 1189 1195 1202 1206 1208 1254 1264 1281 1298 1302 1305 1310 1419 1444 1463 1480 1490 1492 1529 1543 1565 1566 1643 1687 1689 1693 1705 1755 1756 1764 1824 1878 1907 1936 1950 1961 1975 1997 2000 2009 2016 2048 2057 2099 2111 2113 2137 2154 2171 2174 2176 2212 2220 2231 2238 2303 2315 2333 2343 2347 2351 2363 2371 2391 2414 2437 2447 2448 2450 2468 2502 2527 2528 2530 2541 2547 2683 2698 2702 2733 2734 2741 2757 2771 2818 2825 2839 2907 2931 2936 2973 2998 3005 3022 3065 3067 3114
672 707 1410 750 676 1512 1196 1541 775 923 1261 931 1022 904 1712 1044 1053 1397 1087 992 1503 1518 1865 1061 1599 1136 1165 1684 1354 1355 1256 2067 1400 2075 1277 1311 1330 1817 1358 1494 1522 1578 2300 1977 1644 2339 1541 1568 1594 1766 1680 1708 1854 1861 1733 2547 2215 2553 2263 1936 1819 2643 1840 1843 1982 2428 1982 2808 2152 2162 2837 2067 2081 2910 2238 2181 2359 2698 2365 2377 2764 2428 3109 3169 2550 2445 3281 3295 3306 3320 2669 2672 2547 3361 2586 3402 2771 3120 3122 2809 2826 2709 3519 2714 3221 3565 2769 2776 3312 3324 3005 3015 3356 3023 3035 3380 3736 3759 3446 3792 3120 3795 3140 3174 3199 3066 3539 3213 3085 3355 4043 3711 3271 3743 3279 3429 3309 3490 3363 3511 4252 3940 4281 3982 3536 3677 4367 4074 4412 4123
