5 5 25
5 5 5 5 5
378 196 348 369 318 361 148 211 337 174 187 220 310 237 397 387 235 198 81 231 277 99 358 277 253
95 69 98 57 50 75 149 139 76 100 141 49 102 135 143 119 141 141 112 107 91 114 85 112 139
120 65 160 111 193 81 80 83 258 199 147 55 145 139 184 136 253 122 145 118 283 60 89 76 62
55 215 234 129 188 279 103 221 95 242 165 131 183 231 191 146 75 287 199 213 65 162 277 298 265
388 370 442 351 165 240 165 220 330 106 352 238 420 426 448 445 376 223 271 342 157 354 183 414 366
1 2 3 4 5 6 7 8 9 10 11 12 13 14 15 16 17 18 19 20 21 22 23 24 25 26 27 28 29 30 31 32 33 34 35 36 37 38 39 40 41 42 43 44 45 46 47 48 49 50 51 52 53 54 55 56 57 58 59 60 61 62 63 64 65 66 67 68 69 70 71 72 73 74 75 76 77 78 79 80 81 82 83 84 85 86 87 88 89 90 91 92 93 94 95 96 97 98 99 100
3 0 3 4 1 0 2 4 0 4 0 4 0 2 2 0 0 2 3 2 2 0 4 4 2 4 0 0 0 4 4 3 4 3 4 2 2 1 1 4 3 2 4 2 2 4 0 2 1 2 4 4 1 4 1 0 1 1 0 2 2 3 4 1 2 0 4 2 3 3 3 1 2 1 2 3 2 1 0 3 2 3 1 1 1 0 2 4 4 0 2 0 2 2 3 2 2 2 0 4
1 7 33 83 95 125 135 145 146 163 173 203 264 266 278 308 309 310 315 318 319 332 379 410 423 468 472 494 500 501 525 543 550 551 595 596 616 681 689 701 714 732 765 795 813 819 882 887 908 933 950 955 989 1021 1022 1025 1047 1055 1067 1077 1090 1094 1159 1219 1225 1236 1268 1277 1280 1281 1307 1354 1376 1402 1426 1427 1455 1457 1476 1487 1503 1505 1529 1530 1546 1576 1584 1590 1624 1631 1633 1644 1661 1662 1671 1782 1783 1798 1830 1837
538 1016 1042 1092 1440 1134 673 1490 684 835 1518 1548 1273 1611 1287 1653 847 982 1660 1327 857 1004 1724 1419 961 1140 1010 1839 1172 1510 1063 1888 1088 1223 1133 1268 1288 2026 1361 1710 2059 1741 1303 1467 1485 1828 2227 1425 1446 1471 1959 1627 1661 2366 1694 2370 1585 2400 1605 2086 1628 1766 2504 2228 1897 2581 2613 1949 2625 2290 2652 2699 2048 1940 2098 2436 2127 2802 2014 2832 2512 2043 2874 2202 2084 2248 2929 2599 2633 2303 2642 2182 3006 2200 2209 2791 2792 2336 3175 2509
