5 5 25
5 5 5 5 5
378 196 348 369 318 361 148 211 337 174 187 220 310 237 397 387 235 198 81 231 277 99 358 277 253
95 69 98 57 50 75 149 139 76 100 141 49 102 135 143 119 141 141 112 107 91 114 85 112 139
120 65 160 111 193 81 80 83 258 199 147 55 145 139 184 136 253 122 145 118 283 60 89 76 62
55 215 234 129 188 279 103 221 95 242 165 131 183 231 191 146 75 287 199 213 65 162 277 298 265
388 370 442 351 165 240 165 220 330 106 352 238 420 426 448 445 376 223 271 342 157 354 183 414 366
1 2 3 4 5 6 7 8 9 10 11 12 13 14 15 16 17 18 19 20 21 22 23 24 25 26 27 28 29 30 31 32 33 34 35 36 37 38 39 40 41 42 43 44 45 46 47 48 49 50
4 4 2 0 3 3 2 3 4 3 3 4 3 3 3 1 3 3 0 1 2 1 0 0 4 1 3 3 1 1 2 3 0 3 0 3 3 0 1 1 1 1 0 4 3 0 3 3 4 0
1 11 68 87 104 112 113 128 135 149 160 187 191 205 225 277 317 321 328 336 358 381 402 403 412 415 440 453 462 472 473 477 517 524 532 536 548 566 568 571 573 577 603 627 631 638 661 703 706 712
672 683 1413 1096 1113 1457 1458 666 1144 821 698 859 1536 1550 763 815 989 859 1337 874 1367 1053 1747 941 950 1760 978 1125 1134 1144 1482 1486 1189 1196 1877 1545 1086 1238 1913 1243 1245 1922 1612 1972 1169 1647 2006 1375 1244 1250
